        1000,    221.60,   1807.65,  8.16,    223.63,   1789.57,  8.00
        2000,    222.08,   1874.71,  8.44,    224.59,   1864.14,  8.30
        4000,    222.00,   1835.46,  8.27,    225.29,   1882.52,  8.36
        8000,    221.74,   1826.87,  8.24,    225.80,   1843.73,  8.17
       16000,    231.31,   1822.51,  7.88,    236.17,   1930.76,  8.18
       32000,    221.40,   1494.42,  6.75,    225.72,   1818.70,  8.06
       64000,    225.95,   1449.50,  6.42,    235.90,   1795.04,  7.61
      128000,    221.70,   1320.99,  5.96,    225.79,   1808.85,  8.01
      512000,    218.87,   1294.22,  5.91,    224.42,   1769.90,  7.89
     1024000,    214.98,    655.77,  3.05,    220.32,   1559.05,  7.08
     2048000,    213.78,    621.08,  2.91,    220.31,   1082.81,  4.91
     4096000,    212.77,    586.09,  2.75,    220.46,    981.27,  4.45
     8192000,    214.94,    658.98,  3.07,    217.46,   1011.23,  4.65
